signal
0.051643
0.3529
-0.74538
-0.43484
0.86069
-0.43006
0.629953
0.80269
0.3895
-0.63048
-0.90256
0.3575
0.73835
0.14532
0.22874
-0.08249
0.13443
-0.64654
0.4457
0.48559
0.17805
0.05115
-0.93497
-0.92171
-0.01103
0.85211
0.49098
-0.64913
-0.28111
-0.8872
-0.01572
0.67894
0.18223
-0.58754
0.73144
0.4541
-0.21298
-0.79044
-0.97111
-0.91125
-0.82939
-0.49776
-0.97515
-0.58024
-0.96497
-0.25002
-0.96501
-0.28948
0.38638
0.15128
0.75791
0.00916
0.51777
0.88235
0.3038
0.75798
0.04507
0.19907
0.99481
-0.0078
-0.0987
-0.66699
0.95796
-0.53603
0.43502
-0.30309
0.99723
-0.41851
-0.45946
-0.50998
0.31479
-0.51915
0.74548
0.12044
-0.46013
0.95253
0.09268
-0.62231
-0.45746
-0.72594
0.31252
-0.0539
-0.86698
-0.11969
0.90578
0.03439
-0.54814
0.78437
-0.45202
0.89782
-0.64496
-0.79574
0.58238
0.21647
-0.91437
0.66302
0.26278
0.65848
-0.57793
-0.67253
0.37045
0.15383
0.74099
-0.68426
-0.98193
0.62881
-0.29943
0.19519
-0.35748
0.00901
0.75329
-0.94958
0.82864
-0.45675
-0.31001
0.79046
-0.4282
0.52061
-0.99927
0.14552
0.2311
0.93987
0.57632
0.85258
-0.04635
0.01705
0.31662
-0.76085
0.40706
0.27448
-0.15161
-0.02818
-0.0023
0.71532
0.88583
0.17356
0.93512
0.33785
-0.83162
-0.44079
0.56095
0.32472
0.5305
0.57761
-0.66589
0.73077
-0.46746
-0.79223
-0.83041
0.37845
-0.39136
-0.47738
-0.78851
0.83469
0.66874
-0.64306
-0.95149
-0.0843
0.72889
0.18839
-0.5434
0.78344
-0.39613
0.97102
0.10862
0.76446
-0.64306
0.31223
0.56363
-0.66423
0.07801
0.96427
-0.28693
-0.72008
0.1609
0.63402
0.53227
-0.7419
0.27602
0.79941
-0.99572
0.18515
-0.72725
-0.34552
-0.93595
-0.825
0.13127
-0.32391
-0.74732
0.62005
-0.41813
0.70581
-0.20487
0.89163
0.88664
0.9876
-0.69904
-0.09854
0.79201
0.06874
-0.77436
-0.35284
-0.49506
0.10855
-0.4625
0.32606
0.14532
-0.0282
0.73292
-0.79898
-0.90325
-0.45441
0.30508
0.29343
0.85947
-0.79702
-0.51617
0.37693
0.39471
0.22841
0.48837
-0.2749
-0.43669
0.89334
-0.82298
0.18192
-0.37982
0.68173
-0.77399
0.35539
0.67911
0.6047
0.59513
0.19239
-0.35978
0.19789
0.53323
0.43981
0.55437
0.16278
0.19259
0.11999
0.21865
0.05728
-0.19888
-0.4842
0.23846
-0.80766
-0.96118
0.20992
0.34137
0.8013
-0.58645
-0.90609
0.91247
0.27684
0.59702
0.85295
-0.66016
-0.68385
-0.46205
0.467223432
0.315306781
0.407229533
0.6835
1.687279533
0.501236781
0.211503432
0.18593
0.299156568
-0.945336781
-0.213769533
-1.85266
-1.383759533
-0.917326781
-0.358373432
0.79965
-0.070156568
1.570116781
0.103799533
1.80747
1.171959533
0.567156781
-0.159356568
0.69235
-0.101073432
-1.467626781
-1.877609533
-1.7159
-1.875329533
-1.170266781
0.220556568
0.9617
0.393283432
0.429176781
0.641489533
0.86896
1.040029533
0.973926781
0.001663432
0.50695
-0.723803432
-0.753786781
-1.310449533
-0.88632
-0.086389533
0.065283219
-1.253093432
0.02777
0.58994
0.00054
0.414
0.12148
0.42
0.82517
0.0785
0.85431
-0.90459
-0.31092
-0.45315
0.46514
0.70683
0.5504
-0.31513
-0.68025
-0.66801
-0.75559
-0.85618
-0.67153
-0.31122
0.50492
-0.18567
-0.53942
0.94646
0.26968
0.95495
0.22745
0.06279
0.07944
0.2015
0.66634
-0.72117
-0.2293
0.38703
-0.19413
0.21132
0.9384
-0.44074
-0.39532
0.76844
0.56807
0.89258
0.89093
0.30933
-0.15319
0.62596
0.40362
-0.33625
-0.73682
-0.70437
-0.93537
-0.90995
0.34209
0.71338
0.51477
0.04695
0.76319
-0.51129
0.86704
0.76876
-0.64677
0.11176
0.87867
0.43334
0.96612
0.4306
-0.71385
-0.80179
-0.50044
-0.89913
-0.31496
0.6049
0.91647
0.15958
0.66427
-0.93353
0.79159
-0.0271
0.44175
-0.77179
0.23557
-0.24137
0.1387
0.3301
0.94403
-0.16094
0.8547
-0.85851
-0.73857
-0.48207
-0.66042
0.48653
0.10754
-0.63166
-0.2014
-0.42791
-0.68833
-0.28207
0.97787
-0.94757
0.90573
0.14832
0.1498
-0.00132
-0.521
-0.41227
-0.25982
-0.17176
0.21612
-0.74294
0.73368
0.95143
-0.99422
0.54245
-0.3116
-0.61089
0.22675
0.24288
0.2087
0.74098
-0.72066
-0.92109
-0.85106
-0.88361
-0.08122
0.42085
0.05097
-0.14336
-0.99766
0.33058
-0.42378
0.60281
-0.35306
0.9504
-0.95613
0.15149
-0.705
0.25618
-0.6987
-0.87814
0.25919
-0.52347
-0.3817
-0.29258
-0.04064
-0.04529
-0.37912
0.70965
0.0918
-0.39487
-0.83325
-0.26092
-0.51827
-0.7093
-0.56223
0.36172
0.21781
0.4976
0.7479
-0.24186
0.54552
-0.61779
0.13483
-0.62768
0.72368
0.9946
0.16471
-0.28831
0.05713
0.8793
0.29015
-0.90492
-0.60308
0.26888
0.95875
0.92313
-0.39009
0.95759
-0.72035
-0.86111
0.398
0.2391
0.7997
0.34371
-0.28237
-0.39282
0.97316
-0.25886
-0.68171
-0.187
0.4473
0.8488
0.09632
0.61847
-0.47857
-0.54719
0.84016
0.98382
-0.53997
-0.22428
0.4262
0.11656
0.20207
0.64786
-0.92046
-0.66788
-0.92026
0.83092
0.35881
0.66822
0.32604
0.50575
-0.95754
0.23886
-0.33652
0.37866
0.57761
0.05362
0.44964
0.24817
0.37512
0.59205
-0.00514
-0.0353
-0.84175
0.12682
0.74108
0.64077
0.83411
0.20836
0.09888
-0.33916
-0.77299
-0.00437
0.9873
0.07063
0.22608
0.03798
-0.01
0.78084
0.63118
-0.26834
-0.23282
0.44802
0.394
-0.55201
0.36792
0.74452
-0.48298
-0.94312
0.30706
0.0313
0.00677
-0.04627
0.01081
-0.55567
-0.77006
-0.91374
-0.24064
-0.60953
0.82286
-0.07592
-0.02233
-0.39074
0.04834
-0.26589
-0.2784
0.24459
-0.59393
0.34385
-0.0622
-0.05209
-0.05559
0.82823
-0.32206
0.22584
-0.90907
-0.81938
0.71131
-0.15559
0.57358
-0.45333
-0.44319
-0.43747
-0.43619
0.46943
-0.46632
-0.65889
0.07732
0.27251
-0.58806
0.45928
0.43924
0.46561
0.31127
-0.4839
0.05086
0.47324
-0.42767
-0.63059
0.04511
0.79801
0.93939
-0.10799
-0.5459
0.83282
0.76248
0.85414
0.57148
-0.84923
0.4648
0.25113
0.98355
-0.29867
-0.36661
0.47291
0.51269
-0.75238
-0.57745
0.55477
0.80206
-0.02932
0.89511
0.74627
-0.77416
-0.20599
0.3443
0.23694
0.2507
-0.87628
0.46004
0.0993
-0.30816
-0.86492
-0.10791
0.45739
0.81786
-0.90893
-0.63002
0.02661
-0.34914
0.89727
-0.23522
-0.47511
-0.99106
-0.80814
-0.47586
-0.94986
-0.47748
-0.98165
-0.6278
0.53218
-0.47895
0.98182
-0.6864
-0.33649
0.43985
0.95308
0.41538
-0.48105
-0.5652
-0.61218
0.80216
-0.39536
-0.57534
-0.03275
-0.50551
-0.43258
0.32039
0.65445
-0.353
-0.6329
-0.50915
-0.57623
0.82467
0.05532
-0.37647
0.8309
0.22992
-0.76417
-0.9635
-0.2991
-0.61957
0.28451
-0.701
-0.58337
-0.08844
-0.1704
0.13723
-0.16142
0.71198
0.82726
0.77523
-0.39573
0.32431
-0.93168
-0.40477
-0.47155
0.82212
0.49766
0.60033
0.79849
-0.33401
-0.99693
0.81052
0.03438
0.35121
0.60278
0.65006
0.85363
-0.35989
0.39526
0.80457
0.01705
-0.47025
-0.38753
-0.66514
0.12967
0.55245
-0.35011
-0.17336
0.68816
0.03395
0.62533
0.53712
0.80564
0.08712
-0.98103
0.06227
-0.99518
0.69313
0.2664
0.56364
0.50835
-0.24761
0.93083
-0.4705
0.74587
0.98555
0.906
0.90189
-0.3341
0.56655
-0.53027
0.66722
0.45416
0.26563
0.20832
-0.76839
0.91124
-0.35486
-0.43039
-0.60896
-0.62267
-0.33712
0.72956
0.19026
0.38885
0.17355
-0.64104
-0.50151
-0.44611
0.04702
0.82551
-0.7825
-0.44846
0.06937
-0.98073
0.21779
0.17738
0.35762
0.28743
-0.80343
-0.78263
-0.63966
0.96926
0.36731
0.45488
0.79698
0.50363
-0.42169
0.91449
-0.99554
-0.32942
0.11402
-0.69488
-0.48431
-0.51405
-0.14784
-0.09828
0.82814
0.36436
0.22924
-0.5222
0.09677
-0.43442
0.76635
-0.89984
-0.67915
-0.14411
0.28409
0.47675
-0.57252
-0.46385
-0.75681
-0.99071
-0.39446
0.22567
-0.32011
-0.42972
-0.30259
-0.21383
0.2431
-0.6264
-0.21523
0.07965
-0.90743
0.63123
-0.26751
0.12105
-0.54185
0.2657
0.80513
0.29327
0.74298
0.90105
-0.32824
0.41535
-0.0803
0.09374
0.5752
-0.717
-0.20568
-0.69282
-0.17383
0.37045
-0.19065
0.29212
-0.06374
-0.72989
-0.12691
-0.35076
-0.95973
0.33421
0.77938
0.77188
-0.45201
0.66206
0.90036
-0.11937
0.41415
-0.47756
0.67042
0.19496
0.09753
-0.42651
0.3072
0.03264
0.14405
0.29828
0.32388
-0.18189
0.56428
-0.27867
-0.20236
0.22418
-0.5654
-0.11274
0.10505
0.05399
-0.07841
-0.14734
-0.46033
-0.66725
0.86285
0.37457
0.55462
-0.35609
-0.40028
0.73314
0.07252
-0.88751
0.25048
0.66615
-0.91132
-0.80212
0.181
0.05388
-0.81828
-0.90363
0.7119
0.08969
-0.9781
0.56632
-0.11602
0.87936
0.60897
0.69217
-0.13649
-0.16579
-0.80398
-0.18479
-0.11443
-0.25138
-0.29148
0.83406
0.63622
-0.47869
0.02293
0.85089
0.10386
0.10625
-0.77053
0.0755
0.90589
0.11231
0.44863
0.09705
0.53966
0.80097
-0.81161
0.60638
0.37588
-0.40275
0.07197
-0.00116
-0.17281
-0.95176
0.12159
0.69454
-0.59659
0.53738
-0.80809
-0.26061
-0.39224
-0.79544
0.72009
0.08996
0.63361
-0.60335
-0.47046
-0.97912
-0.68549
-0.9605
0.78797
-0.79907
0.0722
-0.32309
0.7009
-0.68466
0.55832
0.56328
0.51105
-0.50209
-0.8189
0.54326
-0.29512
0.69745
0.12611
-0.3883
0.11367
0.91672
-0.47917
0.43264
-0.52039
0.35986
0.34284
-0.40298
-0.30959
-0.79031
-0.42449
0.45632
0.66203
0.1675
-0.73857
-0.18052
0.51845
0.26975
0.87184
-0.92912
0.96114
0.60587
-0.64815
0.81632
0.50296
0.01133
0.81854
-0.97359
-0.30209
-0.47623
0.33904
-0.47712
-0.13006
-0.36021
-0.34243
0.41788
0.52206
0.73668
-0.28603
-0.43187
-0.75939
-0.25849
0.58588
0.86075
-0.72758
-0.91695
-0.7806
0.75914
0.19879
0.81409
-0.04648
0.06021
-0.50781
0.31318
