c
0
10
19
28
37
44
49
53
56
56
55
53
48
44
37
31
24
17
10
3
-3
-7
-11
-13
-15
-15
-14
-13
-10
-7
-4
-1
2
5
6
7
7
6
4
1
-3
-9
-14
-20
-27
-32
-38
-43
-47
-50
-51
-51
-49
-46
-41
-34
-27
-18
-9
1
10
21
30
38
46
52
57
59
61
60
58
53
48
42
34
27
19
11
3
-4
-10
-15
-19
-21
-23
-23
-22
-20
-17
-14
-11
-8
-4
-1
1
2
2
1
0
-3
-6
-10
-15
-21
-26
-31
-35
-40
-42
-44
-44
-43
-40
-36
-31
-24
-16
-7
2
12
21
30
39
47
53
58
61
62
62
60
56
51
45
37
29
21
12
3
-5
-13
-19
-24
-28
-31
-31
-31
-30
-28
-25
-21
-17
-13
-9
-6
-3
-1
0
0
-1
-4
-6
-10
-14
-18
-23
-27
-31
-34
-36
-37
-36
-34
-31
-27
-21
-14
-6
3
12
22
30
39
46
53
58
61
63
63
61
58
53
46
39
30
21
12
2
-7
-15
-23
-29
-33
-37
-39
-40
-39
-37
-34
-30
-26
-21
-16
-12
-8
-4
-2
0
0
0
-1
-3
-6
-10
-14
-17
-21
-24
-26
-28
-28
-28
-25
-22
-17
-11
-4
3
12
21
28
37
44
51
55
59
62
62
61
58
53
46
39
30
20
11
1
-8
-18
-25
-32
-38
-43
-46
-47
-47
-45
-42
-38
-33
-29
-23
-17
-12
-7
-3
1
2
4
4
3
1
-1
-4
-8
-10
-13
-16
-19
-20
-20
-19
-16
-13
-9
-3
4
11
19
27
33
40
47
52
56
58
59
58
55
51
45
38
29
19
9
0
-10
-20
-28
-36
-43
-48
-51
-53
-54
-52
-49
-45
-40
-34
-28
-22
-15
-9
-3
1
5
8
10
10
9
8
6
3
0
-3
-6
-9
-11
-12
-12
-11
-9
-6
-2
4
10
16
23
30
36
42
47
51
53
54
54
51
47
42
35
27
18
8
-2
-11
-21
-30
-38
-46
-52
-55
-58
-59
-58
-55
-51
-45
-39
-33
-25
-18
-10
-4
3
8
12
15
17
18
17
16
13
10
7
4
1
-2
-4
-6
-6
-5
-3
-1
3
8
13
18
24
30
35
40
44
47
48
48
46
43
38
32
25
17
7
-3
-12
-22
-31
-40
-47
-53
-58
-61
-62
-61
-59
-55
-50
-43
-36
-28
-20
-12
-3
4
11
16
21
24
26
26
25
23
21
18
15
11
7
4
1
0
-1
-1
0
2
5
9
13
18
23
27
32
36
39
41
41
40
37
34
29
22
14
6
-4
-13
-22
-31
-40
-48
-54
-59
-62
-63
-63
-61
-57
-52
-46
-38
-29
-21
-12
-3
6
14
20
26
30
32
34
34
33
31
28
24
20
16
12
8
5
2
0
0
0
2
4
7
11
15
19
23
26
29
32
33
32
31
28
24
18
12
4
-4
-13
-22
-31
-39
-46
-53
-58
-61
-63
-63
-62
-58
-53
-46
-38
-30
-21
-11
-2
8
16
24
30
35
39
41
42
41
40
36
33
28
23
18
13
9
4
2
-1
-2
-2
-1
0
3
6
10
13
17
20
22
24
25
24
22
19
15
9
3
-5
-12
-21
-29
-37
-44
-50
-55
-59
-61
-61
-60
-57
-52
-46
-38
-30
-20
-10
0
9
18
27
34
40
45
48
49
49
48
45
40
35
30
24
18
12
7
3
-2
-4
-6
-7
-6
-5
-3
0
3
6
9
12
15
16
16
16
14
11
7
2
-5
-12
-19
-26
-33
-39
-46
-51
-55
-57
-58
-57
-54
-50
-44
-37
-28
-19
-9
1
10
20
29
37
44
49
53
55
55
54
51
47
42
35
29
23
15
9
3
-2
-7
-10
-12
-14
-13
-12
-10
-7
-4
-1
2
5
7
9
9
9
7
4
0
-4
-10
-16
-22
-29
-34
-40
-45
-49
-51
-53
-52
-50
-46
-41
-34
-26
-17
-8
2
12
21
31
39
46
52
56
59
60
58
56
52
46
40
33
26
18
10
3
-4
-10
-15
-18
-21
-21
-21
-20
-17
-15
-12
-9
-5
-2
0
2
3
3
2
0
-3
-7
-12
-18
-23
-28
-33
-38
-42
-44
-46
-46
-45
-41
-37
-31
-24
-16
-7
3
13
22
32
40
48
54
58
61
62
62
59
55
50
43
36
28
19
10
2
-5
-12
-19
-23
-27
-29
-29
-29
-27
-25
-22
-18
-15
-11
-7
-4
-2
-1
0
0
-2
-4
-8
-12
-16
-21
-25
-29
-33
-36
-38
-38
-38
-35
-32
-27
-21
-13
-5
4
13
22
31
40
47
53
58
62
63
63
61
57
52
45
37
28
20
11
1
-7
-16
-22
-28
-32
-36
-37
-38
-37
-34
-31
-27
-24
-19
-14
-10
-6
-3
-1
0
0
-1
-3
-5
-8
-13
-17
-20
-23
-27
-29
-30
-30
-29
-26
-22
-18
-11
-3
4
13
22
30
38
46
52
57
60
62
62
60
57
52
46
38
29
20
10
0
-9
-18
-26
-33
-38
-42
-45
-46
-45
-43
-40
-36
-31
-26
-21
-16
-10
-6
-2
0
2
3
3
1
-1
-4
-7
-10
-13
-16
-19
-21
-22
-22
-20
-17
-14
-8
-2
4
12
20
28
35
42
48
53
57
59
60
58
55
51
44
37
28
19
9
-1
-11
-20
-29
-36
-42
-47
-50
-52
-52
-51
-48
-44
-38
-33
-26
-20
-14
-8
-3
2
5
7
9
9
8
6
3
0
-3
-6
-9
-11
-13
-14
-14
-12
-10
-6
-1
5
11
18
25
31
38
43
49
52
55
55
55
52
48
42
35
27
17
7
-2
-12
-22
-31
-39
-46
-51
-55
-57
-58
-56
-53
-49
-44
-37
-31
-24
-17
-9
-3
3
8
11
14
16
16
15
13
11
7
5
2
-1
-4
-6
-7
-7
-6
-4
0
4
9
14
20
27
32
37
42
46
48
50
49
47
44
39
32
24
16
7
-4
-13
-23
-32
-41
-48
-54
-58
-60
-61
-61
-58
-53
-48
-42
-34
-27
-19
-11
-2
5
11
16
20
22
24
24
23
21
18
15
12
8
5
2
0
-2
-2
-1
0
2
6
10
15
20
25
30
34
38
41
42
42
41
38
34
28
22
14
5
-4
-14
-23
-32
-41
-49
-54
-59
-62
-63
-63
-60
-57
-51
-44
-37
-28
-19
-11
-2
6
14
20
25
29
31
32
32
31
28
25
21
17
13
9
6
3
1
0
0
1
3
5
9
13
17
22
26
29
32
34
35
34
32
29
25
19
12
3
-5
-14
-23
-32
-40
-47
-54
-58
-62
-63
-63
-61
-57
-52
-46
-38
-29
-20
-11
-1
8
17
24
30
35
38
40
41
40
38
34
30
26
21
16
11
7
4
1
-1
-1
-1
0
2
5
9
13
16
19
22
24
26
27
26
23
20
15
9
2
-6
-14
-22
-30
-38
-45
-51
-56
-60
-62
-62
-60
-57
-52
-45
-37
-28
-19
-10
0
10
19
27
34
39
44
47
48
48
45
43
39
34
28
23
16
11
6
2
-2
-4
-5
-6
-5
-3
-1
2
6
9
12
15
17
18
18
17
15
11
7
1
-5
-13
-20
-28
-35
-41
-47
-52
-56
-58
-59
-57
-55
-50
-44
-36
-28
-18
-8
2
11
21
30
37
44
49
52
54
54
53
49
45
40
34
27
21
14
8
2
-3
-6
-9
-11
-12
-11
-10
-7
-5
-2
2
5
7
9
10
10
10
7
4
0
-5
-11
-17
-24
-30
-37
-42
-47
-51
-53
-54
-53
-51
-47
-41
-34
-26
-17
-7
3
13
22
31
40
47
52
56
58
59
58
55
50
45
38
31
24
17
9
2
-4
-10
-14
-17
-19
-19
-19
-18
-15
-12
-9
-6
-3
0
2
4
4
4
2
-1
-4
-8
-13
-19
-25
-30
-35
-40
-44
-46
-47
-47
-45
-42
-37
-31
-23
-15
-6
4
13
23
32
40
48
54
58
61
62
61
58
54
49
42
34
27
18
9
2
-6
-13
-18
-23
-26
-27
-27
-27
-25
-23
-19
-16
-12
-8
-5
-3
0
0
0
0
-2
-5
-9
-13
-18
-23
-27
-32
-36
-38
-40
-40
-39
-36
-32
-28
-21
-13
-5
5
14
23
32
40
48
54
59
62
63
62
60
56
51
44
36
28
19
10
1
-8
-16
-23
-28
-32
-35
-36
-36
-35
-32
-29
-25
-21
-17
-12
-8
-5
-3
-1
0
0
-2
-4
-7
-11
-15
-19
-23
-26
-29
-31
-32
-32
-30
-27
-23
-17
-11
-3
5
14
23
31
40
47
53
58
61
63
62
60
57
51
45
37
28
18
9
-1
-10
-19
-26
-32
-38
-41
-43
-44
-43
-41
-38
-34
-29
-25
-19
-14
-9
-5
-2
1
2
2
1
0
-3
-6
-9
-13
-16
-19
-21
-23
-24
-23
-21
-18
-14
-8
-2
5
13
22
30
37
44
50
55
58
60
60
59
55
51
44
36
27
18
8
-2
-12
-21
-29
-36
-42
-47
-50
-51
-50
-49
-46
-41
-36
-31
-25
-18
-13
-7
-2
2
4
6
7
7
6
3
1
-2
-5
-8
-12
-14
-15
-15
-15
-13
-10
-6
-1
5
12
19
26
33
39
46
50
54
56
56
55
53
48
42
35
26
17
7
-3
-13
-22
-31
-39
-46
-51
-54
-56
-57
-55
-52
-48
-42
-36
-29
-22
-15
-9
-2
3
8
11
13
14
14
13
11
8
5
2
-1
-4
-6
-8
-8
-8
-6
-4
0
5
10
16
22
28
34
40
44
48
50
51
50
48
44
39
32
24
15
6
-4
-14
-24
-33
-41
-48
-54
-58
-60
-61
-59
-57
-52
-47
-40
-33
-25
-17
-9
-2
5
11
16
19
21
22
22
20
18
15
12
9
6
3
0
-2
-3
-3
-2
0
3
7
12
17
22
28
32
36
40
43
44
44
43
39
35
29
22
13
4
-5
-15
-24
-33
-42
-49
-55
-59
-62
-63
-62
-59
-56
-50
-43
-35
-27
-19
-10
-1
7
14
20
25
28
30
31
30
28
26
22
19
15
11
7
4
2
0
0
0
1
4
7
11
15
19
24
28
32
34
36
37
36
33
30
25
19
11
3
-6
-15
-24
-33
-41
-49
-55
-59
-62
-63
-63
-61
-57
-51
-45
-37
-28
-19
-9
0
9
17
24
30
34
37
38
39
37
35
32
28
24
19
15
10
6
3
0
0
-1
0
2
4
7
11
15
18
22
25
27
28
28
27
24
20
15
9
2
-6
-15
-23
-32
-40
-47
-53
-57
-61
-62
-62
-60
-57
-51
-45
-37
-28
-18
-9
1
11
20
27
34
39
43
46
47
46
44
40
36
31
26
20
15
10
5
1
-1
-3
-4
-4
-3
-1
2
5
8
11
15
17
19
20
20
18
15
11
7
0
-6
-14
-22
-29
-36
-43
-49
-54
-57
-59
-60
-58
-55
-50
-44
-36
-27
-17
-7
2
12
21
30
37
44
48
51
53
53
51
48
43
38
32
26
19
13
7
2
-3
-6
-9
-10
-10
-9
-8
-5
-2
1
4
7
10
11
12
12
10
8
4
0
-6
-12
-19
-25
-32
-38
-44
-49
-52
-54
-55
-54
-51
-47
-41
-34
-25
-16
-6
3
13
23
32
40
47
52
55
58
58
56
53
49
43
37
30
23
15
8
1
-5
-9
-13
-16
-17
-18
-17
-15
-12
-9
-6
-3
0
3
4
6
5
4
3
-1
-5
-10
-15
-21
-27
-32
-38
-42
-46
-48
-49
-49
-46
-43
-38
-31
-23
-15
-5
5
14
24
33
41
48
54
58
60
61
60
57
53
47
40
33
25
17
9
1
-6
-13
-18
-22
-25
-26
-26
-25
-22
-20
-17
-13
-10
-6
-3
-1
1
1
1
-1
-3
-6
-10
-15
-20
-25
-29
-34
-38
-40
-42
-42
-40
-37
-33
-28
-21
-13
-4
6
15
24
33
42
49
55
59
62
63
62
60
56
50
43
35
26
18
9
0
-9
-16
-22
-28
-31
-33
-34
-34
-32
-30
-26
-23
-19
-15
-11
-7
-4
-2
0
0
-1
-3
-6
-9
-13
-17
-21
-25
-28
-31
-33
-34
-33
-32
-28
-24
-17
-11
-3
6
15
24
32
41
48
54
59
61
63
62
60
56
51
44
36
27
18
8
-1
-10
-19
-26
-32
-37
-40
-42
-42
-41
-39
-36
-32
-27
-22
-17
-12
-8
-4
-1
0
1
1
0
-2
-5
-8
-12
-15
-18
-22
-24
-25
-26
-25
-22
-19
-14
-8
-1
6
14
23
31
38
45
51
56
60
61
61
59
55
50
43
36
27
17
7
-3
-12
-21
-29
-36
-42
-46
-49
-50
-49
-47
-44
-39
-34
-29
-23
-17
-11
-6
-2
2
4
5
6
5
3
1
-2
-5
-8
-11
-14
-16
-17
-17
-16
-14
-10
-6
0
6
13
21
28
34
41
47
52
56
57
57
56
53
48
42
34
26
16
6
-4
-13
-23
-32
-39
-46
-50
-53
-55
-55
-53
-50
-46
-40
-34
-28
-21
-14
-8
-2
3
8
10
12
13
12
11
8
5
2
-1
-4
-6
-9
-10
-10
-9
-7
-4
0
5
11
17
24
30
36
41
46
49
52
53
52
49
45
39
32
24
14
5
-5
-15
-24
-34
-42
-48
-54
-57
-59
-60
-58
-55
-51
-45
-39
-31
-24
-16
-8
-1
5
10
15
18
20
21
20
18
16
13
10
7
3
1
-2
-3
-4
-4
-2
0
4
8
13
18
24
29
34
39
42
45
46
46
43
40
35
29
22
13
4
-6
-16
-25
-35
-43
-50
-55
-60
-62
-63
-61
-59
-54
-49
-42
-34
-26
-17
-9
0
7
14
19
24
27
29
29
28
26
23
20
16
13
9
6
3
1
-1
0
0
2
5
8
13
17
22
26
30
34
36
38
38
37
34
31
25
19
11
2
-7
-16
-25
-34
-42
-50
-56
-60
-63
-63
-63
-60
-56
-50
-43
-35
-27
-18
-8
1
9
17
24
29
33
36
37
37
36
33
29
25
22
17
12
8
5
2
0
0
0
1
3
6
10
14
18
21
24
27
29
30
30
29
25
21
15
9
1
-7
-16
-25
-33
-41
-48
-54
-58
-61
-63
-62
-60
-56
-51
-44
-36
-27
-17
-8
2
11
20
27
34
39
42
44
45
44
42
38
34
29
24
19
13
8
4
1
-2
-3
-3
-2
-1
1
5
8
11
14
17
20
22
22
21
19
16
12
6
0
-7
-15
-23
-31
-38
-45
-50
-55
-59
-61
-60
-58
-55
-50
-43
-35
-26
-17
-7
3
13
22
30
38
43
47
50
51
51
49
46
41
36
30
24
18
12
6
1
-3
-6
-8
-9
-9
-7
-5
-3
1
3
7
10
12
13
14
13
11
9
4
-1
-6
-13
-20
-27
-33
-40
-46
-50
-54
-56
-56
-55
-52
-47
-41
-34
-25
-15
-5
4
14
24
32
40
47
52
55
56
56
55
52
47
41
35
29
21
14
7
1
-5
-9
-12
-15
-16
-16
-15
-13
-10
-7
-4
-1
2
5
6
7
6
5
3
-1
-5
-11
-16
-23
-29
-34
-39
-44
-47
-50
-51
-50
-47
-43
-38
-31
-23
-14
-4
6
15
25
34
42
49
54
58
60
61
59
56
51
46
39
31
24
16
8
0
-7
-13
-18
-21
-23
-24
-24
-23
-20
-17
-14
-11
-7
-4
-1
1
2
2
1
-1
-4
-8
-12
-17
-22
-28
-32
-36
-40
-42
-43
-43
-42
-38
-34
-28
-21
-12
-3
6
16
25
34
43
50
56
60
62
63
61
59
54
49
42
34
25
17
8
-1
-9
-16
-22
-27
-30
-32
-33
-32
-30
-28
-24
-20
-16
-12
-9
-5
-2
-1
0
0
-2
-4
-7
-11
-15
-20
-23
-28
-31
-34
-35
-36
-35
-32
-29
-24
-18
-10
-2
7
16
25
34
42
49
55
59
62
63
63
60
56
50
43
35
26
17
7
-2
-11
-19
-26
-32
-36
-39
-40
-41
-39
-37
-33
-29
-25
-20
-15
-11
-7
-3
-1
0
1
0
-2
-4
-7
-11
-15
-18
-21
-24
-26
-27
-28
-26
-23
-19
-14
-8
0
7
16
24
32
40
47
53
57
60
62
61
59
55
50
43
35
25
16
7
-3
-13
-22
-29
-36
-41
-45
-47
-48
-47
-45
-42
-37
-32
-27
-21
-15
-10
-5
-1
2
3
5
5
3
1
-1
-4
-8
-11
-14
-17
-19
-19
-19
-18
-15
-11
-6
0
7
14
22
30
36
43
49
53
57
59
58
56
53
48
41
34
25
15
5
-5
-14
-24
-32
-39
-46
-50
-53
-54
-54
-52
-48
-44
-38
-32
-26
-19
-13
-6
-1
3
7
9
10
11
10
8
6
3
0
-3
-7
-9
-10
-11
-11
-10
-7
-4
0
6
12
19
25
31
38
44
48
51
53
54
52
50
45
39
32
23
14
4
-5
-16
-25
-34
-42
-49
-54
-57
-59
-59
-57
-54
-49
-43
-37
-30
-22
-15
-7
-1
5
10
14
17
18
19
18
16
13
10
7
4
1
-2
-4
-5
-5
-4
-2
1
5
9
15
21
26
31
37
41
44
46
47
47
44
41
35
29
21
12
3
-7
-16
-26
-35
-43
-50
-56
-60
-62
-62
-61
-57
-53
-47
-40
-32
-25
-16
-8
0
7
14
19
23
26
27
27
26
24
20
17
14
10
7
4
1
0
-1
-1
0
3
6
10
15
19
25
29
33
36
39
40
40
39
35
31
26
19
10
1
-8
-18
-26
-35
-43
-51
-56
-60
-63
-63
-62
-60
-55
-50
-42
-34
-25
-17
-8
1
9
17
24
29
32
34
35
35
33
30
27
23
19
15
10
7
4
1
0
0
0
2
5
8
12
16
20
24
27
29
32
32
31
30
26
22
15
8
0
-8
-17
-26
-34
-42
-49
-55
-59
-62
-63
-63
-60
-56
-50
-43
-35
-26
-17
-7
2
12
20
28
33
38
41
43
43
42
39
36
32
27
22
17
12
7
3
1
-1
-2
-2
-1
1
4
7
10
13
17
20
22
24
24
23
20
17
12
6
0
-8
-16
-24
-32
-40
-46
-52
-57
-60
-61
-61
-59
-55
-50
-43
-34
-25
-16
-6
4
14
22
30
37
43
47
49
50
49
47
44
39
34
28
22
16
10
5
0
-3
-5
-7
-7
-7
-5
-3
0
3
6
9
12
14
15
15
14
12
9
4
-1
-7
-14
-21
-29
-35
-42
-47
-52
-55
-57
-57
-55
-52
-47
-41
-33
-24
-15
-4
5
15
24
33
40
47
52
54
56
55
54
50
45
40
33
27
20
13
6
0
-5
-9
-12
-14
-15
-14
-13
-10
-8
-4
-1
2
5
7
8
8
8
5
2
-2
-6
-12
-18
-24
-31
-36
-42
-46
-50
-51
-52
-51
-48
-44
-38
-31
-22
-14
-4
6
16
26
34
43
49
54
58
60
60
58
55
50
44
37
30
22
14
7
0
-7
-12
-17
-20
-22
-23
-22
-20
-18
-15
-12
-8
-5
-2
1
2
3
2
1
-1
-5
-9
-14
-19
-25
-29
-35
-39
-42
-44
-45
-45
-42
-39
-34
-28
-20
-12
-2
8
17
27
35
43
50
56
60
62
63
61
58
54
47
40
32
24
16
7
-1
-9
-16
-22
-26
-29
-30
-31
-30
-27
-25
-21
-18
-14
-10
-7
-4
-2
0
0
-1
-2
-5
-9
-13
-18
-22
-26
-30
-34
-36
-37
-38
-36
-33
-30
-24
-18
-10
-1
8
18
26
35
43
50
56
60
62
63
62
60
55
49
42
34
24
16
6
-3
-11
-19
-26
-31
-35
-38
-39
-38
-37
-34
-31
-26
-23
-18
-13
-9
-6
-2
0
0
0
-1
-3
-6
-9
-13
-17
-20
-24
-26
-28
-29
-29
-28
-24
-20
-15
-8
0
8
17
25
33
41
48
54
58
61
62
61
59
55
49
42
34
25
15
6
-4
-14
-22
-29
-36
-41
-44
-46
-47
-45
-43
-39
-35
-30
-25
-19
-14
-9
-4
-1
2
3
4
3
1
-1
-4
-7
-10
-13
-16
-19
-20
-21
-20
-18
-15
-11
-6
1
8
15
23
30
38
44
50
55
58
59
59
57
53
48
41
33
24
14
5
-6
-15
-24
-32
-40
-45
-49
-52
-53
-52
-50
-47
-42
-36
-31
-24
-18
-12
-6
-1
3
6
9
9
9
8
6
3
0
-2
-6
-9
-11
-13
-13
-12
-10
-8
-4
1
7
14
21
27
33
40
45
50
53
55
55
53
50
45
39
31
23
13
3
-6
-16
-26
-35
-42
-49
-53
-56
-58
-58
-56
-53
-48
-42
-35
-28
-21
-14
-7
0
5
10
13
16
17
17
16
14
11
7
5
1
-1
-4
-6
-6
-6
-4
-2
1
6
11
16
22
28
34
39
43
47
48
49
48
45
41
36
29
20
12
2
-8
-18
-27
-36
-44
-51
-56
-60
-61
-61
-60
-56
-52
-46
-39
-31
-23
-15
-7
1
7
13
18
22
24
25
25
23
21
18
15
11
8
5
2
0
-2
-2
-1
1
3
7
12
16
22
27
31
35
38
41
42
41
40
36
32
26
18
10
1
-9
-18
-28
-36
-44
-51
-57
-61
-63
-63
-62
-59
-55
-49
-41
-33
-25
-15
-7
2
10
17
23
28
31
33
33
33
31
28
24
21
17
13
8
5
2
1
0
0
1
3
7
10
14
18
22
26
29
32
33
34
33
31
27
22
15
8
0
-9
-18
-27
-35
-43
-50
-56
-60
-62
-63
-63
-60
-56
-49
-42
-34
-25
-16
-6
3
12
20
27
33
37
40
41
41
40
37
34
29
25
20
15
10
6
2
0
-1
-2
-1
0
3
6
9
13
16
19
22
24
25
